23323318
23323327
23821065
23821068
24117278
24437990
24473191
24603385
24603400
24647128
24647132
24647135
24647136
24647141
24647143
24647159
24647162
24647164
24647165
24647182
24676716
24676717
24676720
24676726
25107963
25108781
25181316
25181317
25181318
25181319
25183723
25200183
25646925
25646926
25646927
25682428
25758209
25758247
25781596
25900913
25901579
25901617
26041802
26048888
26048890
26057279
26057804
26057808
26077991
26077993
26077995
26077997
26077998
26078103
26078104
26078106
26105999
26106003
26106009
26106011
26106015
26264484
26372325
26405064
26469307
26469308
26469309
26473799
26617147
26630226
26630227
26630229
26630230
26630231
26630233
26630234
26630367
26671530
26671531
26671532
26671533
26671534
26671537
26671541
26671545
26671548
26671552
26671563
26671884
26681698
26715438
26738071
26738177
26738180
26738181
26738433
26742369
26742370
26742371
26752880
26752881
26758420
26758421
26758424
26758425
26758426
26758427
26758429
26758804
26758805
26770720
26772292
26772293
26788186
26788974
26788977
26788978
26789477
26789478
26789482
26794000
26794002
26794003
26810659
26817004
26817011
26817261
26817263
26819808
26834618
26834619
26834620
26834623
26834627
26844600
26844601
26844602
26847693
26847704
26847706
26847713
26847720
26874117
26874120
26874127
26877521
26877740
26877742
26901365
26901366
26901367
26901368
26901369
26901370
26901373
26931840
26931844
26931846
26931851
26931857
26931861
26931864
26932966
26932967
26932973
26932974
26932976
26935511
26935512
26935514
26945736
26945737
26945738
26945739
26945740
26945741
26945742
26945744
26945745
26948547
26948548
26948550
26948552
26948555
26949941
26949942
26949943
26949948
26949949
26952676
26952677
26952678
26952679
26961930
26961936
26961945
26961947
26961954
26961965
26962020
26962021
26962024
26962025
26962026
26962027
26962028
26962030
26962032
26962033
26962038
26962040
26962042
26962044
26962048
26962053
26973673
26973674
26980463
26980464
26981132
26981133
26981134
27001088
27001092
27001098
27004696
27004703
27004704
27004705
27004708
27004710
27004711
27004712
27004714
27004716
27007430
27037982
27039072
27039082
27049035
27049037
27049046
27049047
27057302
27057320
27057322
27057326
27057327
27057342
27057343
27057344
27057347
27057348
27057349
27057351
27057352
27057354
27057355
27057356
27057357
27057359
27057361
27058474
27058484
27058486
27101815
27101816
27101817
27101818
27106485
27125802
27125804
27125806
27136142
27136143
27164798
27169900
27169901
27169902
27185970
27192989
27194495
27194500
27194501
27196176
27196177
27221437
27221438
27221691
27221868
27240312
27240314
27267625
27269006
27365892
27365893
27365895
27365902
27365904
27365907
27365921
27375747
27375748
27375749
27375750
27402613
27403798
27403801
27403805
27414079
27414080
27414081
27414082
27424044
27424047
27424049
27424050
27424051
27424053
27454642
27454643
27454975
27481708
27481709
27481712
27481715
27504322
27504325
27504327
27504330
27504331
27522377
27537166
27537167
27537168
27537169
27553082
27553083
27553084
27553087
27553090
27553093
27553096
27553097
27554255
27554259
27554264
27554270
27555339
27607666
27607667
27607668
27607669
27607670
27619772
27630283
27630284
27630286
27630289
27630298
27630304
27634950
27661359
27682628
27682653
27682657
27682662
27702614
27702617
27702620
27708032
27708033
27725718
27725723
27730995
27730996
27730997
27730998
27730999
27731000
27744628
27744630
27744634
27752350
27752351
27808977
27828481
27828482
27828483
27852382
27852383
27930054
27930055
27930056
27936195
27936204
27936205
27952088
27952089
27952090
27952092
27965362
27965366
27965368
27965371
28014798
28014801
28047535
28047537
28047538
28047539
28047540
28047541
28064068
28064069
28064071
28064072
28064073
28064074
28064075
28067018
28067020
28067022
28067026
28067028
28067029
28116373
28116374
28116377
28116379
28116380
28123523
28123524
28123525
28131850
28131851
28136036
28144621
28144624
28150881
28152931
28152933
28165480
28165482
28165485
28165491
28165497
28172509
28172510
28172512
28172513
28190519
28191245
28191246
28191247
28191252
28191340
28191350
28200051
28200053
28200055
28218052
28218054
28218057
28218059
28218061
28239004
28239005
28239006
28239007
28239008
28245931
28245932
28245935
28245936
28245941
28245943
28245947
28247480
28247987
28266448
28266449
28266450
28266451
28266452
28296828
28296829
28296830
28296831
28296832
28338203
28338208
28338342
28338346
28338348
28338350
28338351
28338353
28338356
28338358
28338359
28338361
28364009
28364011
28364016
28364017
28364019
28364020
28364022
28364025
28364771
28364806
28364808
28365036
28365037
28365038
28367107
28367108
28367111
28367117
28367118
28367120
28367123
28367124
28367126
28367129
28367130
28367132
28367133
28378840
28378842
28378845
28378846
28378850
28378851
28378852
28378853
28378855
28378856
28378857
28387180
28392230
28392231
28402178
28402179
28402180
28402182
28402183
28409509
28410879
28412807
28435034
28435035
28435037
28440563
28441952
28452712
28452717
28452722
28467608
28467620
28486514
28486516
28486518
28486522
28486523
28486525
28486526
28486528
28486530
28486532
28486533
28486542
28486547
28486572
28492589
28494070
28494079
28494084
28494085
28498252
28498255
28498256
28506920
28506924
28520604
28520681
28539866
28539868
28539871
28550501
28551417
28553047
28553049
28553053
28553203
28565354
28565355
28565361
28565362
28565363
28567824
28567825
28567830
28567832
28567834
28567836
28567837
28567839
28567841
28567844
28567845
28591831
28591837
28591840
28597739
28597740
28597741
28597742
28641749
28656904
28656907
28656913
28656918
28703182
28704858
28711160
28711164
28713031
28713036
28713037
28713040
28713042
28713048
28739966
28739970
28739971
28739976
28739979
28739980
28739982
28753061
28764099
28764100
28764101
28764102
28764105
28764106
28764109
28764112
28764114
28764116
28764120
28768837
28768838
28768840
28768841
28768843
28768846
28768849
28768851
28768853
28768857
28768858
28779582
28779584
28779589
28787066
28787067
28795299
28795302
28797253
28797255
28797257
28797258
28797259
28797262
28797263
28804347
28804348
28804349
28804350
28804351
28804352
28804353
28804355
28804356
28804358
28804359
28804360
28804883
28804886
28804898
28804899
28805011
28844016
28872057
28879933
28879934
28879936
28879939
28879940
28879942
28879943
28882620
28897289
28897293
28897294
28897296
28897297
28902053
28903673
28908131
28908135
28908137
28908145
28911002
28911003
28917823
28917824
28917826
28917827
28917828
28917829
28927206
28927208
28927210
28927215
28940313
28950041
28950042
28952239
28952240
28958872
28958873
28958874
28958875
28958877
28960664
28960666
28960668
28960669
28960673
28960674
28960676
28960677
28960680
28965458
28965459
28965465
28965467
28967021
28978274
28979120
28995698
28995699
28995700
28995704
28995706
28995709
28995710
28995711
28995713
28995714
28995715
28995717
28998174
28998176
28998180
29006564
29006569
29006571
29006572
29006573
29025361
29025370
29025372
29025374
29028437
29028438
29028439
29028441
29028444
29028446
29028447
29028448
29028449
29028450
29036209
29036211
29036216
29036220
29036221
29044384
29044392
29044400
29044666
29044668
29045391
29053239
29053240
29053247
29053248
29054419
29073315
29073317
29073796
29073797
29073798
29096011
29096015
29096017
29096021
29096022
29096027
29096029
29096035
29111181
29111182
29111188
29123926
29123927
29123929
29123931
29123932
29123934
29123935
29123937
29123939
29123940
29123941
29123946
29123947
29124991
29124992
29124994
29124997
29124998
29124999
29125000
29131611
29131613
29131614
29131617
29131618
29131619
29143272
29143280
29143283
29153155
29153159
29153160
29154769
29166383
29166384
29166385
29166387
29177029
29177030
29177031
29177032
29177034
29177035
29183747
29183748
29183749
29183750
29183751
29183753
29183754
29183756
29183758
29183759
29183760
29183761
29183763
29183764
29183765
29183766
29183767
29183768
29183769
29183770
29183771
29183788
29183789
29183790
29183791
29183795
29183796
29183797
29183799
29183800
29183802
29183804
29183805
29183806
29185058
29194297
29198979
29199633
29199634
29199635
29199637
29199638
29199639
29199640
29199641
29199642
29199643
29203275
29203276
29203277
29203280
29203281
29203282
29203284
29203285
29203286
29203287
29203290
29203292
29203295
29203298
29203299
29203300
29203301
29203302
29203303
29207386
29207387
29207388
29207389
29222204
29222206
29222209
29222210
29232839
29232841
29232845
29232847
29232849
29232850
29236245
29236246
29256453
29256454
29256455
29256456
29256457
29256458
29256459
29256460
29262624
29291113
29291114
29291118
29291119
29291721
29291722
29291723
29291727
29291728
29291729
29291733
29291734
29291737
29291738
29299695
29299697
29337671
29383869